4.5738626E7
4.7119486E7
4.8082822E7
4.9189375E7
5.009813E7
4.9791635E7
5.0831477E7
4.9974039E7
4.8614172E7
4.8764854E7
4.8257296E7
4.8688814E7
4.9395571E7
5.4726807E7
4.9745451E7
4.8861887E7
4.9969374E7
4.7979257E7
4.7660633E7
4.9289674E7
4.9328394E7
4.8124341E7
4.7532548E7
4.7575055E7
4.984132E7
4.9610869E7
4.8101742E7
4.972003E7
5.0619442E7
5.2614195E7
5.1518388E7
5.2314236E7
5.1678396E7
4.9267059E7
4.98054E7
4.925353E7
5.025044E7
4.9134106E7
5.1919577E7
4.9340766E7
4.9708834E7
5.0843362E7
4.873898E7
4.8441354E7
4.9026811E7
4.8607427E7
5.0053111E7
5.0166004E7
5.2557749E7
4.917096E7
4.9239535E7