9.9963007E7
9.1494514E7
8.8869949E7
9.7356168E7
9.1782348E7
8.6028925E7
9.7810079E7
1.10134713E8
1.03013958E8
9.3549009E7
9.6463741E7
9.4338804E7
9.7134577E7
8.3825148E7
1.4056493E8
9.9888365E7
8.9288871E7
8.9703595E7
9.5692606E7
1.0082511E8
8.7894484E7
9.3704821E7
9.5871559E7
9.3570324E7
9.1755407E7
1.02236727E8
9.3457665E7
9.6948484E7
9.0046617E7
9.0276135E7
1.03494877E8
9.7405187E7
8.8527694E7
9.6693774E7
9.7059511E7
9.3108256E7
9.5417898E7
8.9888474E7
9.5776636E7
8.6815639E7
9.0062945E7
9.9757281E7
9.1893491E7
9.7174269E7
9.0411421E7
9.7784452E7
9.5539188E7
9.1395735E7
9.203624E7
9.764217E7
8.8231467E7
1.03409508E8