1.716184E7
1.6333324E7
1.6600632E7
1.7793023E7
2.7330281E7
5398413.0
1.8031874E7
1.6332392E7
1.6878671E7
1.6948647E7
1.646208E7
1.5760455E7
1.6226495E7
5112911.0
2.5356493E7
1.6287607E7
1.3527754E7
1.7584961E7
1.165893E7
1.5669952E7
1.614299E7
1.4390325E7
1.128687E7
8297610.0
1.6535557E7
1.6508034E7
1.6914355E7
1.7545529E7
9895863.0
1.6278982E7
1.6059261E7
1.5742507E7
1.5082409E7
1.5740641E7
1.6646117E7
9692935.0
1.6371816E7
1.3639059E7
1.6382545E7
1.1270639E7
1.6754345E7
1.6359686E7
1.6847646E7
1.5786358E7
1.7659822E7
1.7790909E7
1.5032028E7
1.5119263E7
1.4728336E7
1.6651249E7
1.649917E7
1.7553927E7
1.6156293E7
1.724557E7
1.6295776E7