9247091.0
1.0155379E7
8666757.0
9879674.0
1.9366083E7
2957185.0
9814363.0
8560394.0
9187845.0
9060489.0
8799245.0
9039963.0
8358397.0
2896538.0
1.092045E7
8585585.0
7232250.0
9360919.0
6708829.0
8650896.0
9667414.0
8365861.0
6745625.0
4140216.0
9082287.0
8751539.0
9343994.0
9859476.0
5883497.0
8837375.0
8551877.0
8008405.0
8236523.0
8589196.0
9048233.0
5211737.0
8767400.0
7658063.0
8708155.0
6057968.0
8766933.0
8392800.0
9104680.0
8104970.0
9817958.0
9975635.0
9195181.0
8566805.0
8436184.0
8909216.0
8753871.0