5.3435051E7
5.4231844E7
5.6499065E7
5.8012412E7
5.850131E7
6.046577E7
5.820088E7
5.7120918E7
5.694178E7
5.7256205E7
6.0622516E7
5.6369376E7
5.586135E7
6.6480904E7
5.7633608E7
5.5859951E7
5.6938981E7
5.712605E7
5.5551123E7
5.6620357E7
5.7064004E7
5.8219075E7
6.1098439E7
6.10184E7

5.8023262E7
5.6290216E7
5.5482704E7
5.9383577E7
5.8148751E7
5.9189979E7
5.7571691E7
6.0263862E7
5.6814095E7
5.6711465E7
5.6443693E7
5.5981392E7
5.6399376E7
5.6630294E7
5.6747852E7
5.7234878E7
5.7725169E7
5.6087288E7
5.6281818E7
5.8191669E7
5.4298727E7
5.6577113E7
5.8529882E7
5.599772E7
5.7840861E7
5.7290858E7
5.8207529E7
5.6049035E7
5.169939E7
4.9755017E7
5.50274E7